[1.6 By a7251835]

[life]
58000000 04FEC440
58001000 000000A0
58001000 00000000
58001000 00000020
58001000 00000088
58001000 00000138
78000000 00000048
64000000 00000000 48000000

[magic]
58000000 04FEC440
58001000 000000A0
58001000 00000000
58001000 00000020
58001000 00000088
58001000 00000128
78000000 00000048
64000000 00000000 48000000

[Holy Water Bottle]
58000000 04FEC440
58001000 000000A0
58001000 00000000
58001000 00000020
58001000 00000088
58001000 00000160
78000000 00000048
64000000 00000000 42800000

[Jump]
80000002
58000000 04FEE9B8
58001000 000000A0
58001000 00000000
58001000 00000020
58001000 00000040
58001000 00000090
78000000 00000020
64000000 00000000 41000000
20000000

[points]
58000000 04FEC440
58001000 000000A0
58001000 00000000
58001000 00000020
58001000 00000088
58001000 00000190
78000000 00000048
64000000 00000000 4907A230

[Pray for no cooldown]
58000000 04FEC440
58001000 000000A0
58001000 00000000
58001000 00000020
58001000 000002B8
78000000 00000130
64000000 00000000 41200000
